   0.0000000000000000        6.0650640700558824     
   2.0000000000000000E-002   6.2477797691324568     
   4.0000000000000001E-002   6.4252119210118881     
   5.9999999999999998E-002   6.5979510661842804     
   8.0000000000000002E-002   6.7657451229666785     
  0.10000000000000001        6.9283823963276419     
  0.12000000000000000        7.0856906812882299     
  0.14000000000000001        7.2375359375825408     
  0.16000000000000000        7.3838205912305419     
  0.17999999999999999        7.5244815244722334     
  0.20000000000000001        7.6594878172654512     
  0.22000000000000000        7.7888383026252122     
  0.23999999999999999        7.9125589952107580     
  0.26000000000000001        8.0307004482672433     
  0.28000000000000003        8.1433350887306144     
  0.29999999999999999        8.2505545743604465     
  0.32000000000000001        8.3524672104971280     
  0.34000000000000002        8.4491954577073027     
  0.35999999999999999        8.5408735554026993     
  0.38000000000000000        8.6276452806636854     
  0.40000000000000002        8.7096618560911452     
  0.41999999999999998        8.7870800156403046     
  0.44000000000000000        8.8600602330945613     
  0.46000000000000002        8.9287651141500710     
  0.47999999999999998        8.9933579499831957     
  0.50000000000000000        9.0540014276440370     
  0.52000000000000002        9.1108564906241707     
  0.54000000000000004        9.1640813414323645     
  0.56000000000000005        9.2138305769246429     
  0.57999999999999996        9.2602544464280463     
  0.59999999999999998        9.3034982223046150     
  0.62000000000000000        9.3437016724752198     
  0.64000000000000001        9.3809986245196804     
  0.66000000000000003        9.4155166112315651     
  0.68000000000000005        9.4473765879035483     
  0.70000000000000007        9.4766927121185986     
  0.71999999999999997        9.5035721773831128     
  0.73999999999999999        9.5281150925492053     
  0.76000000000000001        9.5504143996040103     
  0.78000000000000003        9.5705558230417509     
  0.80000000000000004        9.5886178446708552     
  0.82000000000000006        9.6046716983226741     
  0.83999999999999997        9.6187813795291053     
  0.85999999999999999        9.6310036658048439     
  0.88000000000000000        9.6413881437133284     
  0.90000000000000002        9.6499772394101218     
  0.92000000000000004        9.6568062498400540     
  0.94000000000000006        9.6619033722251437     
  0.95999999999999996        9.6652897299121783     
  0.97999999999999998        9.6669793930624355     
   1.0000000000000000        9.6669793930624355     
