   0.0000000000000000        6.0653028866557772     
   6.2500000000000003E-003   6.1226213799248548     
   1.2500000000000001E-002   6.1795046498735227     
   1.8750000000000003E-002   6.2359699335651086     
   2.5000000000000001E-002   6.2920073881921219     
   3.1250000000000000E-002   6.3476075609417233     
   3.7500000000000006E-002   6.4027613894670337     
   4.3750000000000004E-002   6.4574602020659313     
   5.0000000000000003E-002   6.5116957174697712     
   5.6250000000000001E-002   6.5654600442095870     
   6.2500000000000000E-002   6.6187456795390318     
   6.8750000000000006E-002   6.6715455079126018     
   7.5000000000000011E-002   6.7238527990238186     
   8.1250000000000003E-002   6.7756612054033445     
   8.7500000000000008E-002   6.8269647595982406     
   9.3750000000000000E-002   6.8777578709359117     
  0.10000000000000001        6.9280353218926010     
  0.10625000000000001        6.9777922640787100     
  0.11250000000000000        7.0270242138609609     
  0.11875000000000001        7.0757270476331442     
  0.12500000000000000        7.1238969967585861     
  0.13125000000000001        7.1715306421993770     
  0.13750000000000001        7.2186249088505958     
  0.14375000000000002        7.2651770596003740     
  0.15000000000000002        7.3111846891295924     
  0.15625000000000000        7.3566457174750788     
  0.16250000000000001        7.4015583833733682     
  0.16875000000000001        7.4459212373990225     
  0.17500000000000002        7.4897331349218224     
  0.18125000000000002        7.5329932288977615     
  0.18750000000000000        7.5757009625098402     
  0.19375000000000001        7.6178560616808930     
  0.20000000000000001        7.6594585274699005     
  0.20625000000000002        7.7005086283714288     
  0.21250000000000002        7.7410068925329369     
  0.21875000000000000        7.7809540999093398     
  0.22500000000000001        7.8203512743604557     
  0.23125000000000001        7.8591996757196521     
  0.23750000000000002        7.8975007918360047     
  0.24375000000000002        7.9352563306061734     
  0.25000000000000000        7.9724682120178718     
  0.25625000000000003        8.0091385602027678     
  0.26250000000000001        8.0452696955208740     
  0.26874999999999999        8.0808641266858725     
  0.27500000000000002        8.1159245429397284     
  0.28125000000000000        8.1504538062884073     
  0.28750000000000003        8.1844549438073955     
  0.29375000000000001        8.2179311400272024     
  0.30000000000000004        8.2508857294056934     
  0.30625000000000002        8.2833221888949460     
  0.31250000000000000        8.3152441306118465     
  0.31875000000000003        8.3466552946178894     
  0.32500000000000001        8.3775595418146036     
  0.33125000000000004        8.4079608469568896     
  0.33750000000000002        8.4378632917967131     
  0.34375000000000000        8.4672710583560917     
  0.35000000000000003        8.4961884223325157     
  0.35625000000000001        8.5246197466455769     
  0.36250000000000004        8.5525694751263774     
  0.36875000000000002        8.5800421263463846     
  0.37500000000000000        8.6070422876001835     
  0.38125000000000003        8.6335746090299157     
  0.38750000000000001        8.6596437979061989     
  0.39375000000000004        8.6852546130566761     
  0.40000000000000002        8.7104118594488806     
  0.40625000000000000        8.7351203829273825     
  0.41250000000000003        8.7593850650984422     
  0.41875000000000001        8.7832108183765936     
  0.42500000000000004        8.8066025811767670     
  0.43125000000000002        8.8295653132627425     
  0.43750000000000000        8.8521039912434780     
  0.44375000000000003        8.8742236042224505     
  0.45000000000000001        8.8959291495970216     
  0.45625000000000004        8.9172256289988194     
  0.46250000000000002        8.9381180443878741     
  0.46875000000000000        8.9586113942848140     
  0.47500000000000003        8.9787106701462527     
  0.48125000000000001        8.9984208528811109     
  0.48750000000000004        9.0177469095004277     
  0.49375000000000002        9.0366937899086839     
  0.50000000000000000        9.0552664238181126     
  0.50624999999999998        9.0734697178008599     
  0.51250000000000007        9.0913085524639037     
  0.51875000000000004        9.1087877797463026     
  0.52500000000000002        9.1259122203433236     
  0.53125000000000000        9.1426866612431361     
  0.53749999999999998        9.1591158533806993     
  0.54375000000000007        9.1752045094065036     
  0.55000000000000004        9.1909573015589139     
  0.55625000000000002        9.2063788596501190     
  0.56250000000000000        9.2214737691471367     
  0.56874999999999998        9.2362465693587481     
  0.57500000000000007        9.2507017517181183     
  0.58125000000000004        9.2648437581574630     
  0.58750000000000002        9.2786769795761259     
  0.59375000000000000        9.2922057543938834     
  0.60000000000000009        9.3054343671926780     
  0.60625000000000007        9.3183670474355154     
  0.61250000000000004        9.3310079682692262     
  0.61875000000000002        9.3433612453993184     
  0.62500000000000000        9.3554309360398324     
  0.63125000000000009        9.3672210379338186     
  0.63750000000000007        9.3787354884391476     
  0.64375000000000004        9.3899781636823043     
  0.65000000000000002        9.4009528777708109     
  0.65625000000000000        9.4116633820666209     
  0.66250000000000009        9.4221133645170898     
  0.66875000000000007        9.4323064490386361     
  0.67500000000000004        9.4422461949523218     
  0.68125000000000002        9.4519360964707584     
  0.68750000000000000        9.4613795822265789     
  0.69375000000000009        9.4705800148528070     
  0.70000000000000007        9.4795406905999915     
  0.70625000000000004        9.4882648389931195     
  0.71250000000000002        9.4967556225330796     
  0.71875000000000000        9.5050161364241568     
  0.72500000000000009        9.5130494083422779     
  0.73125000000000007        9.5208583982345285     
  0.73750000000000004        9.5284459981444449     
  0.74375000000000002        9.5358150320684789     
  0.75000000000000000        9.5429682558377475     
  0.75625000000000009        9.5499083570260144     
  0.76250000000000007        9.5566379548763756     
  0.76875000000000004        9.5631596002511614     
  0.77500000000000002        9.5694757756044915     
  0.78125000000000000        9.5755888949658292     
  0.78750000000000009        9.5815013039452825     
  0.79375000000000007        9.5872152797541705     
  0.80000000000000004        9.5927330312358432     
  0.80625000000000002        9.5980566989095788     
  0.81250000000000000        9.6031883550285571     
  0.81875000000000009        9.6081300036456163     
  0.82500000000000007        9.6128835806861357     
  0.83125000000000004        9.6174509540308346     
  0.83750000000000002        9.6218339236046599     
  0.84375000000000000        9.6260342214703822     
  0.85000000000000009        9.6300535119272137     
  0.85625000000000007        9.6338933916115437     
  0.86250000000000004        9.6375553896035377     
  0.86875000000000002        9.6410409675318807     
  0.87500000000000000        9.6443515196806970     
  0.88125000000000009        9.6474883730989642     
  0.88750000000000007        9.6504527877062056     
  0.89375000000000004        9.6532459563969084     
  0.90000000000000002        9.6558690051474638     
  0.90625000000000000        9.6583229931136607     
  0.91250000000000009        9.6606089127322790     
  0.91875000000000007        9.6627276898141492     
  0.92500000000000004        9.6646801836345091     
  0.93125000000000002        9.6664671870203449     
  0.93750000000000000        9.6680894264282653     
  0.94375000000000009        9.6695475620251088     
  0.95000000000000007        9.6708421877535251     
  0.95625000000000004        9.6719738313970449     
  0.96250000000000002        9.6729429546379269     
  0.96875000000000000        9.6737499531088122     
  0.97500000000000009        9.6743951564332704     
  0.98125000000000007        9.6748788282680245     
  0.98750000000000004        9.6752011663274970     
  0.99375000000000002        9.6753623024102176     
   1.0000000000000000        9.6753623024102176     
