   0.0000000000000000        1.0000000000000000     
   2.0000000000000000E-002  0.95359074396930754     
   4.0000000000000001E-002  0.90863891811290054     
   5.9999999999999998E-002  0.86520422488879301     
   8.0000000000000002E-002  0.82328925593688118     
  0.10000000000000001       0.78289278072475044     
  0.12000000000000000       0.74400968770388676     
  0.14000000000000001       0.70663100019298064     
  0.16000000000000000       0.67074395955695743     
  0.17999999999999999       0.63633216753399646     
  0.20000000000000001       0.60337577906779838     
  0.22000000000000000       0.57185173679038703     
  0.23999999999999999       0.54173403836641620     
  0.26000000000000001       0.51299402822134565     
  0.28000000000000003       0.48560070568935615     
  0.29999999999999999       0.45952104228465229     
  0.32000000000000001       0.43472030157513303     
  0.34000000000000002       0.41116235597655620     
  0.35999999999999999       0.38880999564985774     
  0.38000000000000000       0.36762522554175286     
  0.40000000000000002       0.34756954743296858     
  0.41999999999999998       0.32860422462968836     
  0.44000000000000000       0.31069052763780314     
  0.46000000000000002       0.29378995978780653     
  0.47999999999999998       0.27786446232604300     
  0.50000000000000000       0.26287659895494025     
  0.52000000000000002       0.24878972019307888     
  0.54000000000000004       0.23556810823972996     
  0.56000000000000005       0.22317710327370283     
  0.57999999999999996       0.21158321229990676     
  0.59999999999999998       0.20075420178604378     
  0.62000000000000000       0.19065917541377417     
  0.64000000000000001       0.18126863831075393     
  0.66000000000000003       0.17255454913878343     
  0.68000000000000005       0.16449036139526332     
  0.70000000000000007       0.15705105524586202     
  0.71999999999999997       0.15021316115059974     
  0.73999999999999999       0.14395477647785632     
  0.76000000000000001       0.13825557622465184     
  0.78000000000000003       0.13309681887997574     
  0.80000000000000004       0.12846134838343357     
  0.82000000000000006       0.12433359304588804     
  0.83999999999999997       0.12069956221369151     
  0.85999999999999999       0.11754684137452337     
  0.88000000000000000       0.11486458632156940     
  0.90000000000000002       0.11264351691424497     
  0.92000000000000004       0.11087591089806215     
  0.94000000000000006       0.10955559817362535     
  0.95999999999999996       0.10867795583490804     
  0.97999999999999998       0.10823990422966422     
   1.0000000000000000       0.10823990422966422     
