   0.0000000000000000        1.0000000000000000     
   6.2500000000000003E-003  0.98531646919912497     
   1.2500000000000001E-002  0.97077815766149467     
   1.8750000000000003E-002  0.95638705979116068     
   2.5000000000000001E-002  0.94214344375793868     
   3.1250000000000000E-002  0.92804754490353958     
   3.7500000000000006E-002  0.91409956492796918     
   4.3750000000000004E-002  0.90029967117336596     
   5.0000000000000003E-002  0.88664799599717559     
   5.6250000000000001E-002  0.87314463623064087     
   6.2500000000000000E-002  0.85978965271929997     
   6.8750000000000006E-002  0.84658306994322896     
   7.5000000000000011E-002  0.83352487571497480     
   8.1250000000000003E-002  0.82061502095277816     
   8.7500000000000008E-002  0.80785341952764345     
   9.3750000000000000E-002  0.79523994818177923     
  0.10000000000000001       0.78277444651662242     
  0.10625000000000001       0.77045671704816787     
  0.11250000000000000       0.75828652532757357     
  0.11875000000000001       0.74626360012453696     
  0.12500000000000000       0.73438763367135906     
  0.13125000000000001       0.72265828196517801     
  0.13750000000000001       0.71107516512592306     
  0.14375000000000002       0.69963786780760251     
  0.15000000000000002       0.68834593966019919     
  0.15625000000000000       0.67719889583983817     
  0.16250000000000001       0.66619621756457792     
  0.16875000000000001       0.65533735271306781     
  0.17500000000000002       0.64462171646370803     
  0.18125000000000002       0.63404869197160107     
  0.18750000000000000       0.62361763108064361     
  0.19375000000000001       0.61332785506837184     
  0.20000000000000001       0.60317865542081395     
  0.20625000000000002       0.59316929463494483     
  0.21250000000000002       0.58329900704622129     
  0.21875000000000000       0.57356699967888325     
  0.22500000000000001       0.56397245311631805     
  0.23125000000000001       0.55451452238960475     
  0.23750000000000002       0.54519233788156951     
  0.24375000000000002       0.53600500624423275     
  0.25000000000000000       0.52695161132776192     
  0.25625000000000003       0.51803121511839834     
  0.26250000000000001       0.50924285868365726     
  0.26874999999999999       0.50058556312280345     
  0.27500000000000002       0.49205833052066422     
  0.28125000000000000       0.48366014490304016     
  0.28750000000000003       0.47538997319198245     
  0.29375000000000001       0.46724676615933147     
  0.30000000000000004       0.45922945937692233     
  0.30625000000000002       0.45133697416198121     
  0.31250000000000000       0.44356821851636846     
  0.31875000000000003       0.43592208805831539     
  0.32500000000000001       0.42839746694542680     
  0.33125000000000004       0.42099322878770856     
  0.33750000000000002       0.41370823754971203     
  0.34375000000000000       0.40654134844064999     
  0.35000000000000003       0.39949140879153311     
  0.35625000000000001       0.39255725891858212     
  0.36250000000000004       0.38573773297208608     
  0.36875000000000002       0.37903165976985670     
  0.37500000000000000       0.37243786361488618     
  0.38125000000000003       0.36595516509632164     
  0.38750000000000001       0.35958238187351027     
  0.39375000000000004       0.35331832944244357     
  0.40000000000000002       0.34716182188432182     
  0.40625000000000000       0.34111167259587283     
  0.41250000000000003       0.33516669500101015     
  0.41875000000000001       0.32932570324385885     
  0.42500000000000004       0.32358751286266269     
  0.43125000000000002       0.31795094144464303     
  0.43750000000000000       0.31241480926157661     
  0.44375000000000003       0.30697793988614946     
  0.45000000000000001       0.30163916078904257     
  0.45625000000000004       0.29639730391665298     
  0.46250000000000002       0.29125120624975143     
  0.46875000000000000       0.28619971034294434     
  0.47500000000000003       0.28124166484518859     
  0.48125000000000001       0.27637592500150987     
  0.48750000000000004       0.27160135313603617     
  0.49375000000000002       0.26691681911670906     
  0.50000000000000000       0.26232120080167770     
  0.50624999999999998       0.25781338446788016     
  0.51250000000000007       0.25339226522191538     
  0.51875000000000004       0.24905674739353367     
  0.52500000000000002       0.24480574491215723     
  0.53125000000000000       0.24063818166660286     
  0.53749999999999998       0.23655299184845013     
  0.54375000000000007       0.23254912027940958     
  0.55000000000000004       0.22862552272295286     
  0.55625000000000002       0.22478116618073546     
  0.56250000000000000       0.22101502917400262     
  0.56874999999999998       0.21732610201053112     
  0.57500000000000007       0.21371338703741272     
  0.58125000000000004       0.21017589888006649     
  0.58750000000000002       0.20671266466793062     
  0.59375000000000000       0.20332272424717499     
  0.60000000000000009       0.20000513038090587     
  0.60625000000000007       0.19675894893717422     
  0.61250000000000004       0.19358325906529500     
  0.61875000000000002       0.19047715336078286     
  0.62500000000000000       0.18743973801936567     
  0.63125000000000009       0.18447013298045645     
  0.63750000000000007       0.18156747206045210     
  0.64375000000000004       0.17873090307630454     
  0.65000000000000002       0.17595958795968317     
  0.65625000000000000       0.17325270286216171     
  0.66250000000000009       0.17060943825179564     
  0.66875000000000007       0.16802899900144169     
  0.67500000000000004       0.16551060446920088     
  0.68125000000000002       0.16305348857136034     
  0.68750000000000000       0.16065689984812384     
  0.69375000000000009       0.15832010152258638     
  0.70000000000000007       0.15604237155318246     
  0.70625000000000004       0.15382300267998777     
  0.71250000000000002       0.15166130246525331     
  0.71875000000000000       0.14955659332835972     
  0.72500000000000009       0.14750821257563698     
  0.73125000000000007       0.14551551242529198     
  0.73750000000000004       0.14357786002771283     
  0.74375000000000002       0.14169463748149547     
  0.75000000000000000       0.13986524184543994     
  0.75625000000000009       0.13808908514680901     
  0.76250000000000007       0.13636559438607351     
  0.76875000000000004       0.13469421153844421     
  0.77500000000000002       0.13307439355244724     
  0.78125000000000000       0.13150561234571329     
  0.78750000000000009       0.12998735479830095     
  0.79375000000000007       0.12851912274374347     
  0.80000000000000004       0.12710043295801438     
  0.80625000000000002       0.12573081714665094     
  0.81250000000000000       0.12440982193025428     
  0.81875000000000009       0.12313700882852771     
  0.82500000000000007       0.12191195424304763     
  0.83125000000000004       0.12073424943897253     
  0.83750000000000002       0.11960350052584763     
  0.84375000000000000       0.11851932843767016     
  0.85000000000000009       0.11748136891238385     
  0.85625000000000007       0.11648927247094479     
  0.86250000000000004       0.11554270439613253     
  0.86875000000000002       0.11464134471120596     
  0.87500000000000000       0.11378488815856595     
  0.88125000000000009       0.11297304417855833     
  0.88750000000000007       0.11220553688850456     
  0.89375000000000004       0.11148210506209399     
  0.90000000000000002       0.11080250210926935     
  0.90625000000000000       0.11016649605664346     
  0.91250000000000009       0.10957386952862187     
  0.91875000000000007       0.10902441972925303     
  0.92500000000000004       0.10851795842492493     
  0.93125000000000002       0.10805431192798631     
  0.93750000000000000       0.10763332108133129     
  0.94375000000000009       0.10725484124408208     
  0.95000000000000007       0.10691874227833534     
  0.95625000000000004       0.10662490853710686     
  0.96250000000000002       0.10637323885348987     
  0.96875000000000000       0.10616364653107609     
  0.97500000000000009       0.10599605933565297     
  0.98125000000000007       0.10587041948827922     
  0.98750000000000004       0.10578668365966200     
  0.99375000000000002       0.10574482296596376     
   1.0000000000000000       0.10574482296596376     
